Calculation parameters:
c = 300000000.0
m = 8e-28
alpha = 1.1999999999999999e-28
k = 1.3799999999999998e-23

dt = 1e-08
dh = 10
eps = 0.2
particle_numbers = 100
R = 6000000.0
g = 8.232000000000001
Po = 10000000.0
T = 773
coef_reflection = 0.3
atmosphere_height = 6000000.0
Light launch interval = [8790000.0; 9420000.0] 
N = 1000000000


Data:
x,m    y,m
3959336.562202272 4511266.522852491
3992276.5420047767 4485390.361700144
4034465.5370983304 4442437.11105694
4067300.1024510595 4416272.190434511
4109169.0324766133 4372913.087529147
4141908.0784583837 4346457.70397014
4183468.118129804 4302691.395885884
4216121.9139614245 4275943.701905762
4257384.8074887665 4231768.490885918
4298432.931909042 4187357.0535357413
4330942.210705587 4160140.230840213
4371712.101631761 4115316.938736412
4412277.515354769 4070256.028743122
4452642.147829213 4024957.0310438895
4492809.7717757495 3979419.427283255
4532784.311303561 3933642.5732574826
4572569.779550235 3887625.774508473
4612170.265979929 3841368.282124437
4651590.062552571 3794869.1918999115
4690833.4726891145 3748127.6197968856
4736837.715233448 3683108.351751275
4775604.4333785325 3635819.39027404
4814209.008966447 3588284.7338802586
4859110.311893685 3522287.7754568104
4897269.147113949 3474198.9915882666
4941395.709350483 3407524.9979864424
4985042.733410983 3340480.6259143557
5022508.186367067 3291520.7621636246
5065418.972396817 3223792.397177341
5107871.08307759 3155690.2593894703
5149872.099966186 3087213.011890922
5191429.940656003 3018358.9567091772
5237256.111402892 2930383.6748675266
5277752.779082567 2860714.43824103
5322069.5828880565 2771811.656910267
5361542.459104884 2701319.5548817543
5404391.066650094 2611484.1374366684
5446389.792161192 2521155.1646117778
5487550.877639468 2430331.1472585457
5527887.13773374 2339009.8202696685
5567411.87773693 2247188.296534221
5608530.399177182 2135688.346173885
5646213.721434269 2042813.5416339068
5684934.038481102 1930179.6399615288
5722318.687563166 1816960.018736371
5759474.940916689 1683862.8200200046
5793924.897312356 1569439.3808109912
5827478.611812397 1435100.1029635726
5859075.23013824 1300135.08196593
5888742.90037663 1164542.462840087
5915668.398318555 1009014.910287881
5939898.650465289 852880.8398035668
5961472.544298062 696141.2194299124
5978194.065218576 519602.73189791804
5991403.4026727835 342551.08690423315
6001154.588158966 164987.8454980202
5999855.901704299 -50975.35979238037
5997476.542291077 -248237.17708230697
5980703.633622269 -483140.8505588658
5957302.128658197 -717758.4545950185
5927392.562811395 -952065.3096986024
5876868.215854016 -1222006.8326209923
5809384.431970177 -1508207.8168623757
5722781.136503069 -1809555.3012684842
5605130.610097438 -2141441.6685491013
5462044.147925839 -2484533.8897524136
5279538.047092147 -2852296.8259958373
5052300.635417893 -3240189.5004513324
4747273.0426552715 -3669708.4440023447
4367448.473974235 -4114827.4967481177
3872111.7881728564 -4583650.210735073
3229783.6913270317 -5057900.34513812
2370628.6893417235 -5514253.693939234
1164336.483946362 -5886281.861582254
-519300.2995539902 -5978319.782885751
-7601658.678544252 9260441.926299186
-5924850.961575642 -958215.583587578
-1358084.4166522233 11909333.608686883
-11465283.409408903 3506831.0372150047
-11759387.362178033 -2352735.7315156767
-10447050.897443822 -5900331.235639741
-8780478.241145125 -8155799.117409451
-7142185.307256579 -9635805.33221202
-5609904.155393351 -10592181.732679768
-4204720.9882460665 -11221972.503731972
-2914733.5568607333 -11629210.690545037
-1743819.7265537381 -11861139.510749236
-707312.1902227063 -11971295.116549674
255312.90240234768 -11990479.470915798
1101543.8429577795 -11944185.273056854
1929620.2689544891 -11827681.075045822
2652271.5443245233 -11693735.804321969
3293968.8302013143 -11538788.306117807
3937394.031303414 -11321075.857701108
4475712.864205513 -11119519.037119016
5005704.494598075 -10893643.197175734
5487136.933833827 -10659066.260054661
5931952.069064072 -10425351.519474514
6326709.794732479 -10191019.631117146
6716185.940675088 -9943164.35865052
