Calculation parameters:
c = 300000000.0
m = 8e-28
alpha = 1.1999999999999999e-28
k = 1.3799999999999998e-23

dt = 1e-07
dh = 100
eps = 0.2
particle_numbers = 100
R = 6000000.0
g = 8.232000000000001
Po = 10000000.0
T = 773
coef_reflection = 0.3
atmosphere_height = 6000000.0
N = 10000000


Data:
x,m    y,m
3407134.5761219943 4988585.083945031
3418428.219897908 4996420.2382690925
3429734.291188936 5004288.721739895
3550005.8388222745 4850863.001223384
3561833.3808608064 4858585.174809548
3573676.194066696 4866342.9168007905
3585534.1675456516 4874136.185413938
3597406.695489861 4881965.615354122
3714161.620219256 4725869.114791683
3726575.6513690134 4733538.56454
3739007.230739197 4741246.541569205
3751456.666425681 4748992.845459154
3864237.0099988747 4590440.711102739
3877245.3847869146 4598011.422045085
3890274.9445082056 4605622.940476973
3903325.132867668 4613275.760898585
3916395.856738951 4620969.89898931
4025815.2913244683 4459757.646311037
4039468.3484273064 4467262.00308604
4053145.7171546333 4474810.378143881
4066846.365583752 4482403.496624417
4172426.127480807 4318766.418844802
4186730.587471065 4326152.499541814
4201063.024183022 4333585.729748245
4215422.837508091 4341066.692412767
4317231.961472226 4175018.5604665964
4332218.375891309 4182274.8511934485
4347236.695502551 4189581.919090764
4362286.507916051 4196940.17751497
4460401.42690351 4028486.1876699417
4476102.709717925 4035601.5810739286
4491840.783607963 4042771.1780807525
4585709.43196967 3872226.760195679
4602120.137652409 3879132.03223582
4618572.949048599 3886094.901890418
4635067.187377869 3893116.1676729424
4725396.10083664 3720172.150104598
4742592.372466867 3726909.5898727723
4759836.275712755 3733708.8455278375
4846047.144233973 3558712.015064894
4864018.962151319 3565203.83794949
4882044.548292495 3571761.627746264
4964201.769055378 3394731.430400226
4982982.933943953 3400957.486473824
5001824.973554479 3407253.6479922705
5079999.547638051 3228200.7249536915
5099627.326034904 3234139.8457286693
5173157.031273153 3053526.518436308
5193593.947636825 3059078.925488727
5214109.306776487 3064709.1753551196
5283794.450894517 2882097.268180857
5305154.350172282 2887313.1404847447
5370302.9975300785 2703213.707795256
5392535.8847266715 2707982.1959475623
5453200.786633252 2522437.730356098
5476336.888398755 2526724.529971092
5532575.100400177 2339769.869300845
5556646.8385332525 2343539.319794909
5608520.737665506 2155200.1429747306
5633563.988491477 2158413.7676032837
5681140.637262164 1968706.988720237
5707194.081307895 1971325.5775256273
5750546.645861617 1780257.0309389124
5788845.687424682 1588613.2631275216
5816860.538530419 1589804.246275653
5851070.709098473 1396828.4629899573
5880331.304385469 1203390.2734588687
5910428.0818734635 1202952.267030027
5935754.24522032 1008171.0006335977
5956248.279635143 813007.1397750243
5971967.327608467 617516.2714972456
6005306.475531339 614148.5009942886
6017344.239194018 417237.5797447152
6024745.992708804 220021.21513986168
6027577.794145399 22527.25087388035
6025908.54352195 -175225.19312689212
6019810.19855053 -373227.96653362067
5953633.108221084 -757053.4850061246
5933514.599744084 -954160.9838989284
5909251.224763456 -1151505.801707804
5803468.736875833 -1526674.640209029
5766009.028935375 -1722963.3434066998
5631570.3662592815 -2089703.011394543
5478245.41715157 -2448875.5942635224
5306669.562344143 -2800120.858242379
5117468.229416827 -3143214.1685126624
4911247.003446626 -3478085.1697140355
4544471.013448248 -3934646.018521922
4142222.038140838 -4361672.530651444
3538264.4963784 -4854204.929280285
2883611.1385492263 -5280700.46188111
1805419.9579896133 -5725146.575771025
471122.5995396312 -5985532.887967611
-1457480.5443947767 -5821127.936366492
-4149089.945693293 -4336510.294152455
-5010987.613329409 3309079.9360956615
-8204593.429693639 8682166.882224947
-11952562.654614493 815559.6411561124
-11170143.85227556 -3991971.59983039
-9820996.527797535 -6855879.619364836
