Calculation parameters:
c = 300000000.0
m = 7.3e-26
alpha = 6.7e-29
k = 1.3799999999999998e-23

dt = 1e-10
dh = 1
eps = 0.2
particle_numbers = 10
R = 6000000.0
g = 8.232000000000001
Po = 10000000.0
T = 773
coef_reflection = 0.3
atmosphere_height = 6000000.0
N = 10000000


Data:
x,m    y,m
[-12000001.0, -12000000.97, -11999700.970006706, -11999400.970013412, -11999100.970020117, -11998800.970026823, -11998500.970033528, -11998200.970040234, -11997900.97004694, -11997600.970053645, -11997300.97006035, -11997000.970067056, -11996700.970073761, -11996400.970080467, -11996100.970087172, -11995800.970093878, -11995500.970100584, -11995200.970107289, -11994900.970113995, -11994600.9701207, -11994300.970127406, -11994000.970134111, -11993700.970140817, -11993400.970147522, -11993100.970154228, -11992800.970160933, -11992500.970167639, -11992200.970174344, -11991900.97018105, -11991600.970187755, -11991300.97019446, -11991000.970201166, -11990700.970207872, -11990400.970214577, -11990100.970221283, -11989800.970227988, -11989500.970234694, -11989200.9702414, -11988900.970248105, -11988600.97025481, -11988300.970261516, -11988000.970268222, -11987700.970274927, -11987400.970281633, -11987100.970288338, -11986800.970295044, -11986500.97030175, -11986200.970308455, -11985900.97031516, -11985600.970321866, -11985300.970328571, -11985000.970335277, -11984700.970341982, -11984400.970348688, -11984100.970355393, -11983800.970362099, -11983500.970368804, -11983200.97037551, -11982900.970382215, -11982600.970388921, -11982300.970395627, -11982000.970402332, -11981700.970409038, -11981400.970415743, -11981100.970422449, -11980800.970429154, -11980500.97043586, -11980200.970442565, -11979900.97044927, -11979600.970455976, -11979300.970462682, -11979000.970469387, -11978700.970476093, -11978400.970482798, -11978100.970489504, -11977800.97049621, -11977500.970502915, -11977200.97050962, -11976900.970516326, -11976600.970523031, -11976300.970529737, -11976000.970536442, -11975700.970543148, -11975400.970549854, -11975100.970556559, -11974800.970563265, -11974500.97056997, -11974200.970576676, -11973900.970583381, -11973600.970590087, -11973300.970596792, -11973000.970603498, -11972700.970610203, -11972400.970616909, -11972100.970623614, -11971800.97063032, -11971500.970637025, -11971200.97064373, -11970900.970650436, -11970600.970657142, -11970300.970663847, -11970000.970670553, -11969700.970677258, -11969400.970683964, -11969100.97069067, -11968800.970697375, -11968500.97070408, -11968200.970710786, -11967900.970717492, -11967600.970724197, -11967300.970730903, -11967000.970737608, -11966700.970744314, -11966400.97075102, -11966100.970757725, -11965800.97076443, -11965500.970771136, -11965200.970777841, -11964900.970784547, -11964600.970791252, -11964300.970797958, -11964000.970804663, -11963700.970811369, -11963400.970818074, -11963100.97082478, -11962800.970831485, -11962500.970838191, -11962200.970844897, -11961900.970851602, -11961600.970858308, -11961300.970865013, -11961000.970871719, -11960700.970878424, -11960400.97088513, -11960100.970891835, -11959800.97089854, -11959500.970905246, -11959200.970911952, -11958900.970918657, -11958600.970925363, -11958300.970932068, -11958000.970938774, -11957700.97094548, -11957400.970952185, -11957100.97095889, -11956800.970965596, -11956500.970972301, -11956200.970979007, -11955900.970985712, -11955600.970992418, -11955300.970999124, -11955000.971005829, -11954700.971012535, -11954400.97101924, -11954100.971025946, -11953800.971032651, -11953500.971039357, -11953200.971046062, -11952900.971052768, -11952600.971059473, -11952300.971066179, -11952000.971072884, -11951700.97107959, -11951400.971086295, -11951100.971093, -11950800.971099706, -11950500.971106412, -11950200.971113117, -11949900.971119823, -11949600.971126528, -11949300.971133234, -11949000.97113994, -11948700.971146645, -11948400.97115335, -11948100.971160056, -11947800.971166762, -11947500.971173467, -11947200.971180173, -11946900.971186878, -11946600.971193584, -11946300.97120029, -11946000.971206995, -11945700.9712137, -11945400.971220406, -11945100.971227111, -11944800.971233817, -11944500.971240522, -11944200.971247228, -11943900.971253933, -11943600.971260639, -11943300.971267344, -11943000.97127405, -11942700.971280755, -11942400.971287461, -11942100.971294167, -11941800.971300872, -11941500.971307578, -11941200.971314283, -11940900.971320989, -11940600.971327694, -11940300.9713344, -11940000.971341105, -11939700.97134781, -11939400.971354516, -11939100.971361222, -11938800.971367927, -11938500.971374633, -11938200.971381338, -11937900.971388044, -11937600.97139475, -11937300.971401455, -11937000.97140816, -11936700.971414866, -11936400.971421571, -11936100.971428277, -11935800.971434982, -11935500.971441688, -11935200.971448394, -11934900.971455099, -11934600.971461805, -11934300.97146851, -11934000.971475216, -11933700.971481921, -11933400.971488627, -11933100.971495332, -11932800.971502038, -11932500.971508743, -11932200.971515449, -11931900.971522154, -11931600.97152886, -11931300.971535565, -11931000.97154227, -11930700.971548976, -11930400.971555682, -11930100.971562387, -11929800.971569093, -11929500.971575798, -11929200.971582504, -11928900.97158921, -11928600.971595915, -11928300.97160262, -11928000.971609326, -11927700.971616032, -11927400.971622737, -11927100.971629443, -11926800.971636148, -11926500.971642854, -11926200.97164956, -11925900.971656265, -11925600.97166297, -11925300.971669676, -11925000.971676381, -11924700.971683087, -11924400.971689792, -11924100.971696498, -11923800.971703203, -11923500.971709909, -11923200.971716614, -11922900.97172332, -11922600.971730025, -11922300.971736731, -11922000.971743437, -11921700.971750142, -11921400.971756848, -11921100.971763553, -11920800.971770259, -11920500.971776964, -11920200.97178367, -11919900.971790375, -11919600.97179708, -11919300.971803786, -11919000.971810492, -11918700.971817197, -11918400.971823903, -11918100.971830608, -11917800.971837314, -11917500.97184402, -11917200.971850725, -11916900.97185743, -11916600.971864136, -11916300.971870841, -11916000.971877547, -11915700.971884253, -11915400.971890958, -11915100.971897664, -11914800.97190437, -11914500.971911075, -11914200.97191778, -11913900.971924486, -11913600.971931191, -11913300.971937897, -11913000.971944602, -11912700.971951308, -11912400.971958013, -11912100.971964719, -11911800.971971424, -11911500.97197813, -11911200.971984835, -11910900.97199154, -11910600.971998246, -11910300.972004952, -11910000.972011657, -11909700.972018363, -11909400.972025068, -11909100.972031774, -11908800.97203848, -11908500.972045185, -11908200.97205189, -11907900.972058596, -11907600.972065302, -11907300.972072007, -11907000.972078713, -11906700.972085418, -11906400.972092124, -11906100.97209883, -11905800.972105535, -11905500.97211224, -11905200.972118946, -11904900.972125651, -11904600.972132357, -11904300.972139062, -11904000.972145768, -11903700.972152473, -11903400.972159179, -11903100.972165884, -11902800.97217259, -11902500.972179295, -11902200.972186001, -11901900.972192707, -11901600.972199412, -11901300.972206118, -11901000.972212823, -11900700.972219529, -11900400.972226234, -11900100.97223294, -11899800.972239645, -11899500.97224635, -11899200.972253056, -11898900.972259762, -11898600.972266467, -11898300.972273173, -11898000.972279878, -11897700.972286584, -11897400.97229329, -11897100.972299995, -11896800.9723067, -11896500.972313406, -11896200.972320111, -11895900.972326817, -11895600.972333523, -11895300.972340228, -11895000.972346934, -11894700.97235364, -11894400.972360345, -11894100.97236705, -11893800.972373756, -11893500.972380461, -11893200.972387167, -11892900.972393872, -11892600.972400578, -11892300.972407283, -11892000.972413989, -11891700.972420694, -11891400.9724274, -11891100.972434105, -11890800.97244081, -11890500.972447516, -11890200.972454222, -11889900.972460927, -11889600.972467633, -11889300.972474338, -11889000.972481044, -11888700.97248775, -11888400.972494455, -11888100.97250116, -11887800.972507866, -11887500.972514572, -11887200.972521277, -11886900.972527983, -11886600.972534688, -11886300.972541394, -11886000.9725481, -11885700.972554805, -11885400.97256151, -11885100.972568216, -11884800.972574921, -11884500.972581627, -11884200.972588332, -11883900.972595038, -11883600.972601743, -11883300.972608449, -11883000.972615154, -11882700.97262186, -11882400.972628566, -11882100.972635271, -11881800.972641977, -11881500.972648682, -11881200.972655388, -11880900.972662093, -11880600.972668799, -11880300.972675504, -11880000.97268221, -11879700.972688915, -11879400.97269562, -11879100.972702326, -11878800.972709032, -11878500.972715737, -11878200.972722443, -11877900.972729148, -11877600.972735854, -11877300.97274256, -11877000.972749265, -11876700.97275597, -11876400.972762676, -11876100.972769381, -11875800.972776087, -11875500.972782793, -11875200.972789498, -11874900.972796204, -11874600.97280291, -11874300.972809615, -11874000.97281632, -11873700.972823026, -11873400.972829731, -11873100.972836437, -11872800.972843142, -11872500.972849848, -11872200.972856553, -11871900.972863259, -11871600.972869964, -11871300.97287667, -11871000.972883375, -11870700.97289008, -11870400.972896786, -11870100.972903492, -11869800.972910197, -11869500.972916903, -11869200.972923608, -11868900.972930314, -11868600.97293702, -11868300.972943725, -11868000.97295043, -11867700.972957136, -11867400.972963842, -11867100.972970547, -11866800.972977253, -11866500.972983958, -11866200.972990664, -11865900.97299737, -11865600.973004075, -11865300.97301078, -11865000.973017486, -11864700.973024191, -11864400.973030897, -11864100.973037602, -11863800.973044308, -11863500.973051013, -11863200.973057719, -11862900.973064424, -11862600.97307113, -11862300.973077836, -11862000.973084541, -11861700.973091247, -11861400.973097952, -11861100.973104658, -11860800.973111363, -11860500.973118069, -11860200.973124774, -11859900.97313148, -11859600.973138185, -11859300.97314489, -11859000.973151596, -11858700.973158302, -11858400.973165007, -11858100.973171713, -11857800.973178418, -11857500.973185124, -11857200.97319183, -11856900.973198535, -11856600.97320524, -11856300.973211946, -11856000.973218651, -11855700.973225357, -11855400.973232063, -11855100.973238768, -11854800.973245474, -11854500.97325218, -11854200.973258885, -11853900.97326559, -11853600.973272296, -11853300.973279001, -11853000.973285707, -11852700.973292412, -11852400.973299118, -11852100.973305823, -11851800.973312529, -11851500.973319234, -11851200.97332594, -11850900.973332645, -11850600.97333935, -11850300.973346056, -11850000.973352762, -11849700.973359467, -11849400.973366173, -11849100.973372879, -11848800.973379584, -11848500.97338629, -11848200.973392995, -11847900.9733997, -11847600.973406406, -11847300.973413112, -11847000.973419817, -11846700.973426523, -11846400.973433228, -11846100.973439934, -11845800.97344664, -11845500.973453345, -11845200.97346005, -11844900.973466756, -11844600.973473461, -11844300.973480167, -11844000.973486872, -11843700.973493578, -11843400.973500283, -11843100.973506989, -11842800.973513694, -11842500.9735204, -11842200.973527106, -11841900.973533811, -11841600.973540517, -11841300.973547222, -11841000.973553928, -11840700.973560633, -11840400.973567339, -11840100.973574044, -11839800.97358075, -11839500.973587455, -11839200.97359416, -11838900.973600866, -11838600.973607572, -11838300.973614277, -11838000.973620983, -11837700.973627688, -11837400.973634394, -11837100.9736411, -11836800.973647805, -11836500.97365451, -11836200.973661216, -11835900.973667921, -11835600.973674627, -11835300.973681333, -11835000.973688038, -11834700.973694744, -11834400.97370145, -11834100.973708155, -11833800.97371486, -11833500.973721566, -11833200.973728271, -11832900.973734977, -11832600.973741682, -11832300.973748388, -11832000.973755093, -11831700.973761799, -11831400.973768504, -11831100.97377521, -11830800.973781915, -11830500.97378862, -11830200.973795326, -11829900.973802032, -11829600.973808737, -11829300.973815443, -11829000.973822149, -11828700.973828854, -11828400.97383556, -11828100.973842265, -11827800.97384897, -11827500.973855676, -11827200.973862382, -11826900.973869087, -11826600.973875793, -11826300.973882498, -11826000.973889204, -11825700.97389591, -11825400.973902615, -11825100.97390932, -11824800.973916026, -11824500.973922731, -11824200.973929437, -11823900.973936142, -11823600.973942848, -11823300.973949553, -11823000.973956259, -11822700.973962964, -11822400.97396967, -11822100.973976376, -11821800.973983081, -11821500.973989787, -11821200.973996492, -11820900.974003198, -11820600.974009903, -11820300.974016609, -11820000.974023314, -11819700.97403002, -11819400.974036725, -11819100.97404343, -11818800.974050136, -11818500.974056842, -11818200.974063547, -11817900.974070253, -11817600.974076958, -11817300.974083664, -11817000.97409037, -11816700.974097075, -11816400.97410378, -11816100.974110486, -11815800.974117192, -11815500.974123897, -11815200.974130603, -11814900.974137308, -11814600.974144014, -11814300.97415072, -11814000.974157425, -11813700.97416413, -11813400.974170836, -11813100.974177541, -11812800.974184247, -11812500.974190952, -11812200.974197658, -11811900.974204363, -11811600.974211069, -11811300.974217774, -11811000.97422448, -11810700.974231185, -11810400.97423789, -11810100.974244596, -11809800.974251302, -11809500.974258007, -11809200.974264713, -11808900.974271419, -11808600.974278124, -11808300.97428483, -11808000.974291535, -11807700.97429824, -11807400.974304946, -11807100.974311652, -11806800.974318357, -11806500.974325063, -11806200.974331768, -11805900.974338474, -11805600.97434518, -11805300.974351885, -11805000.97435859, -11804700.974365296, -11804400.974372001, -11804100.974378707, -11803800.974385412, -11803500.974392118, -11803200.974398823, -11802900.974405529, -11802600.974412235, -11802300.97441894, -11802000.974425646, -11801700.974432351, -11801400.974439057, -11801100.974445762, -11800800.974452468, -11800500.974459173, -11800200.974465879, -11799900.974472584, -11799600.97447929, -11799300.974485995, -11799000.9744927, -11798700.974499406, -11798400.974506112, -11798100.974512817, -11797800.974519523, -11797500.974526228, -11797200.974532934, -11796900.97453964, -11796600.974546345, -11796300.97455305, -11796000.974559756, -11795700.974566462, -11795400.974573167, -11795100.974579873, -11794800.974586578, -11794500.974593284, -11794200.97459999, -11793900.974606695, -11793600.9746134, -11793300.974620106, -11793000.974626811, -11792700.974633517, -11792400.974640222, -11792100.974646928, -11791800.974653633, -11791500.974660339, -11791200.974667044, -11790900.97467375, -11790600.974680455, -11790300.97468716, -11790000.974693866, -11789700.974700572, -11789400.974707277, -11789100.974713983, -11788800.974720689, -11788500.974727394, -11788200.9747341, -11787900.974740805, -11787600.97474751, -11787300.974754216, -11787000.974760922, -11786700.974767627, -11786400.974774333, -11786100.974781038, -11785800.974787744, -11785500.97479445, -11785200.974801155, -11784900.97480786, -11784600.974814566, -11784300.974821271, -11784000.974827977, -11783700.974834682, -11783400.974841388, -11783100.974848093, -11782800.974854799, -11782500.974861505, -11782200.97486821, -11781900.974874916, -11781600.974881621, -11781300.974888327, -11781000.974895032, -11780700.974901738, -11780400.974908443, -11780100.974915149, -11779800.974921854, -11779500.97492856, -11779200.974935265, -11778900.97494197, -11778600.974948676, -11778300.974955382, -11778000.974962087, -11777700.974968793, -11777400.974975498, -11777100.974982204, -11776800.97498891, -11776500.974995615, -11776200.97500232, -11775900.975009026, -11775600.975015732, -11775300.975022437, -11775000.975029143, -11774700.975035848, -11774400.975042554, -11774100.97504926, -11773800.975055965, -11773500.97506267, -11773200.975069376, -11772900.975076081, -11772600.975082787, -11772300.975089492, -11772000.975096198, -11771700.975102903, -11771400.975109609, -11771100.975116314, -11770800.97512302, -11770500.975129725, -11770200.975136431, -11769900.975143136, -11769600.975149842, -11769300.975156548, -11769000.975163253, -11768700.975169959, -11768400.975176664, -11768100.97518337, -11767800.975190075, -11767500.97519678, -11767200.975203486, -11766900.975210192, -11766600.975216897, -11766300.975223603, -11766000.975230308, -11765700.975237014, -11765400.97524372, -11765100.975250425, -11764800.97525713, -11764500.975263836, -11764200.975270541, -11763900.975277247, -11763600.975283952, -11763300.975290658, -11763000.975297363, -11762700.975304069, -11762400.975310775, -11762100.97531748, -11761800.975324186, -11761500.975330891, -11761200.975337597, -11760900.975344302, -11760600.975351008, -11760300.975357713, -11760000.975364419, -11759700.975371124, -11759400.97537783, -11759100.975384535, -11758800.97539124, -11758500.975397946, -11758200.975404652, -11757900.975411357, -11757600.975418063, -11757300.975424768, -11757000.975431474, -11756700.97543818, -11756400.975444885, -11756100.97545159, -11755800.975458296, -11755500.975465002, -11755200.975471707, -11754900.975478413, -11754600.975485118, -11754300.975491824, -11754000.97549853, -11753700.975505235, -11753400.97551194, -11753100.975518646, -11752800.975525351, -11752500.975532057, -11752200.975538762, -11751900.975545468, -11751600.975552173, -11751300.975558879, -11751000.975565584, -11750700.97557229, -11750400.975578995, -11750100.975585701, -11749800.975592406, -11749500.975599112, -11749200.975605818, -11748900.975612523, -11748600.975619229, -11748300.975625934, -11748000.97563264, -11747700.975639345, -11747400.97564605, -11747100.975652756, -11746800.975659462, -11746500.975666167, -11746200.975672873, -11745900.975679578, -11745600.975686284, -11745300.97569299, -11745000.975699695, -11744700.9757064, -11744400.975713106, -11744100.975719811, -11743800.975726517, -11743500.975733222, -11743200.975739928, -11742900.975746633, -11742600.975753339, -11742300.975760045, -11742000.97576675, -11741700.975773456, -11741400.975780161, -11741100.975786867, -11740800.975793572, -11740500.975800278, -11740200.975806983, -11739900.975813689, -11739600.975820394, -11739300.9758271, -11739000.975833805, -11738700.97584051, -11738400.975847216, -11738100.975853922, -11737800.975860627, -11737500.975867333, -11737200.975874038, -11736900.975880744, -11736600.97588745, -11736300.975894155, -11736000.97590086, -11735700.975907566, -11735400.975914272, -11735100.975920977, -11734800.975927683, -11734500.975934388, -11734200.975941094, -11733900.9759478, -11733600.975954505, -11733300.97596121, -11733000.975967916, -11732700.975974621, -11732400.975981327, -11732100.975988032, -11731800.975994738, -11731500.976001443, -11731200.976008149, -11730900.976014854, -11730600.97602156, -11730300.976028265, -11730000.976034971, -11729700.976041676, -11729400.976048382, -11729100.976055088, -11728800.976061793, -11728500.976068499, -11728200.976075204, -11727900.97608191, -11727600.976088615, -11727300.97609532, -11727000.976102026, -11726700.976108732, -11726400.976115437, -11726100.976122143, -11725800.976128848, -11725500.976135554, -11725200.97614226, -11724900.976148965, -11724600.97615567, -11724300.976162376, -11724000.976169081, -11723700.976175787, -11723400.976182492, -11723100.976189198, -11722800.976195903, -11722500.976202609, -11722200.976209315, -11721900.97621602, -11721600.976222726, -11721300.976229431, -11721000.976236137, -11720700.976242842, -11720400.976249548, -11720100.976256253, -11719800.976262959, -11719500.976269664, -11719200.97627637, -11718900.976283075, -11718600.97628978, -11718300.976296486, -11718000.976303192, -11717700.976309897, -11717400.976316603, -11717100.976323308, -11716800.976330014, -11716500.97633672, -11716200.976343425, -11715900.97635013, -11715600.976356836, -11715300.976363542, -11715000.976370247, -11714700.976376953, -11714400.976383658, -11714100.976390364, -11713800.97639707, -11713500.976403775, -11713200.97641048, -11712900.976417186, -11712600.976423891, -11712300.976430597, -11712000.976437302, -11711700.976444008, -11711400.976450713, -11711100.976457419, -11710800.976464124, -11710500.97647083, -11710200.976477535, -11709900.976484241, -11709600.976490946, -11709300.976497652, -11709000.976504358, -11708700.976511063, -11708400.976517769, -11708100.976524474, -11707800.97653118, -11707500.976537885, -11707200.97654459, -11706900.976551296, -11706600.976558002, -11706300.976564707, -11706000.976571413, -11705700.976578118, -11705400.976584824, -11705100.97659153, -11704800.976598235, -11704500.97660494, -11704200.976611646, -11703900.976618351, -11703600.976625057, -11703300.976631762, -11703000.976638468, -11702700.976645174, -11702400.976651879, -11702100.976658585, -11701800.97666529, -11701500.976671996, -11701200.976678701, -11700900.976685407, -11700600.976692112, -11700300.976698818] [12000000.0, 12000000.0, 12000000.0, 12000000.0, 12000000.0, 12000000.0, 12000000.0, 12000000.0, 12000000.0, 12000000.0, 12000000.0, 12000000.0, 12000000.0, 12000000.0, 12000000.0, 12000000.0, 12000000.0, 12000000.0, 12000000.0, 12000000.0, 12000000.0, 12000000.0, 12000000.0, 12000000.0, 12000000.0, 12000000.0, 12000000.0, 12000000.0, 12000000.0, 12000000.0, 12000000.0, 12000000.0, 12000000.0, 12000000.0, 12000000.0, 12000000.0, 12000000.0, 12000000.0, 12000000.0, 12000000.0, 12000000.0, 12000000.0, 12000000.0, 12000000.0, 12000000.0, 12000000.0, 12000000.0, 12000000.0, 12000000.0, 12000000.0, 12000000.0, 12000000.0, 12000000.0, 12000000.0, 12000000.0, 12000000.0, 12000000.0, 12000000.0, 12000000.0, 12000000.0, 12000000.0, 12000000.0, 12000000.0, 12000000.0, 12000000.0, 12000000.0, 12000000.0, 12000000.0, 12000000.0, 12000000.0, 12000000.0, 12000000.0, 12000000.0, 12000000.0, 12000000.0, 12000000.0, 12000000.0, 12000000.0, 12000000.0, 12000000.0, 12000000.0, 12000000.0, 12000000.0, 12000000.0, 12000000.0, 12000000.0, 12000000.0, 12000000.0, 12000000.0, 12000000.0, 12000000.0, 12000000.0, 12000000.0, 12000000.0, 12000000.0, 12000000.0, 12000000.0, 12000000.0, 12000000.0, 12000000.0, 12000000.0, 12000000.0, 12000000.0, 12000000.0, 12000000.0, 12000000.0, 12000000.0, 12000000.0, 12000000.0, 12000000.0, 12000000.0, 12000000.0, 12000000.0, 12000000.0, 12000000.0, 12000000.0, 12000000.0, 12000000.0, 12000000.0, 12000000.0, 12000000.0, 12000000.0, 12000000.0, 12000000.0, 12000000.0, 12000000.0, 12000000.0, 12000000.0, 12000000.0, 12000000.0, 12000000.0, 12000000.0, 12000000.0, 12000000.0, 12000000.0, 12000000.0, 12000000.0, 12000000.0, 12000000.0, 12000000.0, 12000000.0, 12000000.0, 12000000.0, 12000000.0, 12000000.0, 12000000.0, 12000000.0, 12000000.0, 12000000.0, 12000000.0, 12000000.0, 12000000.0, 12000000.0, 12000000.0, 12000000.0, 12000000.0, 12000000.0, 12000000.0, 12000000.0, 12000000.0, 12000000.0, 12000000.0, 12000000.0, 12000000.0, 12000000.0, 12000000.0, 12000000.0, 12000000.0, 12000000.0, 12000000.0, 12000000.0, 12000000.0, 12000000.0, 12000000.0, 12000000.0, 12000000.0, 12000000.0, 12000000.0, 12000000.0, 12000000.0, 12000000.0, 12000000.0, 12000000.0, 12000000.0, 12000000.0, 12000000.0, 12000000.0, 12000000.0, 12000000.0, 12000000.0, 12000000.0, 12000000.0, 12000000.0, 12000000.0, 12000000.0, 12000000.0, 12000000.0, 12000000.0, 12000000.0, 12000000.0, 12000000.0, 12000000.0, 12000000.0, 12000000.0, 12000000.0, 12000000.0, 12000000.0, 12000000.0, 12000000.0, 12000000.0, 12000000.0, 12000000.0, 12000000.0, 12000000.0, 12000000.0, 12000000.0, 12000000.0, 12000000.0, 12000000.0, 12000000.0, 12000000.0, 12000000.0, 12000000.0, 12000000.0, 12000000.0, 12000000.0, 12000000.0, 12000000.0, 12000000.0, 12000000.0, 12000000.0, 12000000.0, 12000000.0, 12000000.0, 12000000.0, 12000000.0, 12000000.0, 12000000.0, 12000000.0, 12000000.0, 12000000.0, 12000000.0, 12000000.0, 12000000.0, 12000000.0, 12000000.0, 12000000.0, 12000000.0, 12000000.0, 12000000.0, 12000000.0, 12000000.0, 12000000.0, 12000000.0, 12000000.0, 12000000.0, 12000000.0, 12000000.0, 12000000.0, 12000000.0, 12000000.0, 12000000.0, 12000000.0, 12000000.0, 12000000.0, 12000000.0, 12000000.0, 12000000.0, 12000000.0, 12000000.0, 12000000.0, 12000000.0, 12000000.0, 12000000.0, 12000000.0, 12000000.0, 12000000.0, 12000000.0, 12000000.0, 12000000.0, 12000000.0, 12000000.0, 12000000.0, 12000000.0, 12000000.0, 12000000.0, 12000000.0, 12000000.0, 12000000.0, 12000000.0, 12000000.0, 12000000.0, 12000000.0, 12000000.0, 12000000.0, 12000000.0, 12000000.0, 12000000.0, 12000000.0, 12000000.0, 12000000.0, 12000000.0, 12000000.0, 12000000.0, 12000000.0, 12000000.0, 12000000.0, 12000000.0, 12000000.0, 12000000.0, 12000000.0, 12000000.0, 12000000.0, 12000000.0, 12000000.0, 12000000.0, 12000000.0, 12000000.0, 12000000.0, 12000000.0, 12000000.0, 12000000.0, 12000000.0, 12000000.0, 12000000.0, 12000000.0, 12000000.0, 12000000.0, 12000000.0, 12000000.0, 12000000.0, 12000000.0, 12000000.0, 12000000.0, 12000000.0, 12000000.0, 12000000.0, 12000000.0, 12000000.0, 12000000.0, 12000000.0, 12000000.0, 12000000.0, 12000000.0, 12000000.0, 12000000.0, 12000000.0, 12000000.0, 12000000.0, 12000000.0, 12000000.0, 12000000.0, 12000000.0, 12000000.0, 12000000.0, 12000000.0, 12000000.0, 12000000.0, 12000000.0, 12000000.0, 12000000.0, 12000000.0, 12000000.0, 12000000.0, 12000000.0, 12000000.0, 12000000.0, 12000000.0, 12000000.0, 12000000.0, 12000000.0, 12000000.0, 12000000.0, 12000000.0, 12000000.0, 12000000.0, 12000000.0, 12000000.0, 12000000.0, 12000000.0, 12000000.0, 12000000.0, 12000000.0, 12000000.0, 12000000.0, 12000000.0, 12000000.0, 12000000.0, 12000000.0, 12000000.0, 12000000.0, 12000000.0, 12000000.0, 12000000.0, 12000000.0, 12000000.0, 12000000.0, 12000000.0, 12000000.0, 12000000.0, 12000000.0, 12000000.0, 12000000.0, 12000000.0, 12000000.0, 12000000.0, 12000000.0, 12000000.0, 12000000.0, 12000000.0, 12000000.0, 12000000.0, 12000000.0, 12000000.0, 12000000.0, 12000000.0, 12000000.0, 12000000.0, 12000000.0, 12000000.0, 12000000.0, 12000000.0, 12000000.0, 12000000.0, 12000000.0, 12000000.0, 12000000.0, 12000000.0, 12000000.0, 12000000.0, 12000000.0, 12000000.0, 12000000.0, 12000000.0, 12000000.0, 12000000.0, 12000000.0, 12000000.0, 12000000.0, 12000000.0, 12000000.0, 12000000.0, 12000000.0, 12000000.0, 12000000.0, 12000000.0, 12000000.0, 12000000.0, 12000000.0, 12000000.0, 12000000.0, 12000000.0, 12000000.0, 12000000.0, 12000000.0, 12000000.0, 12000000.0, 12000000.0, 12000000.0, 12000000.0, 12000000.0, 12000000.0, 12000000.0, 12000000.0, 12000000.0, 12000000.0, 12000000.0, 12000000.0, 12000000.0, 12000000.0, 12000000.0, 12000000.0, 12000000.0, 12000000.0, 12000000.0, 12000000.0, 12000000.0, 12000000.0, 12000000.0, 12000000.0, 12000000.0, 12000000.0, 12000000.0, 12000000.0, 12000000.0, 12000000.0, 12000000.0, 12000000.0, 12000000.0, 12000000.0, 12000000.0, 12000000.0, 12000000.0, 12000000.0, 12000000.0, 12000000.0, 12000000.0, 12000000.0, 12000000.0, 12000000.0, 12000000.0, 12000000.0, 12000000.0, 12000000.0, 12000000.0, 12000000.0, 12000000.0, 12000000.0, 12000000.0, 12000000.0, 12000000.0, 12000000.0, 12000000.0, 12000000.0, 12000000.0, 12000000.0, 12000000.0, 12000000.0, 12000000.0, 12000000.0, 12000000.0, 12000000.0, 12000000.0, 12000000.0, 12000000.0, 12000000.0, 12000000.0, 12000000.0, 12000000.0, 12000000.0, 12000000.0, 12000000.0, 12000000.0, 12000000.0, 12000000.0, 12000000.0, 12000000.0, 12000000.0, 12000000.0, 12000000.0, 12000000.0, 12000000.0, 12000000.0, 12000000.0, 12000000.0, 12000000.0, 12000000.0, 12000000.0, 12000000.0, 12000000.0, 12000000.0, 12000000.0, 12000000.0, 12000000.0, 12000000.0, 12000000.0, 12000000.0, 12000000.0, 12000000.0, 12000000.0, 12000000.0, 12000000.0, 12000000.0, 12000000.0, 12000000.0, 12000000.0, 12000000.0, 12000000.0, 12000000.0, 12000000.0, 12000000.0, 12000000.0, 12000000.0, 12000000.0, 12000000.0, 12000000.0, 12000000.0, 12000000.0, 12000000.0, 12000000.0, 12000000.0, 12000000.0, 12000000.0, 12000000.0, 12000000.0, 12000000.0, 12000000.0, 12000000.0, 12000000.0, 12000000.0, 12000000.0, 12000000.0, 12000000.0, 12000000.0, 12000000.0, 12000000.0, 12000000.0, 12000000.0, 12000000.0, 12000000.0, 12000000.0, 12000000.0, 12000000.0, 12000000.0, 12000000.0, 12000000.0, 12000000.0, 12000000.0, 12000000.0, 12000000.0, 12000000.0, 12000000.0, 12000000.0, 12000000.0, 12000000.0, 12000000.0, 12000000.0, 12000000.0, 12000000.0, 12000000.0, 12000000.0, 12000000.0, 12000000.0, 12000000.0, 12000000.0, 12000000.0, 12000000.0, 12000000.0, 12000000.0, 12000000.0, 12000000.0, 12000000.0, 12000000.0, 12000000.0, 12000000.0, 12000000.0, 12000000.0, 12000000.0, 12000000.0, 12000000.0, 12000000.0, 12000000.0, 12000000.0, 12000000.0, 12000000.0, 12000000.0, 12000000.0, 12000000.0, 12000000.0, 12000000.0, 12000000.0, 12000000.0, 12000000.0, 12000000.0, 12000000.0, 12000000.0, 12000000.0, 12000000.0, 12000000.0, 12000000.0, 12000000.0, 12000000.0, 12000000.0, 12000000.0, 12000000.0, 12000000.0, 12000000.0, 12000000.0, 12000000.0, 12000000.0, 12000000.0, 12000000.0, 12000000.0, 12000000.0, 12000000.0, 12000000.0, 12000000.0, 12000000.0, 12000000.0, 12000000.0, 12000000.0, 12000000.0, 12000000.0, 12000000.0, 12000000.0, 12000000.0, 12000000.0, 12000000.0, 12000000.0, 12000000.0, 12000000.0, 12000000.0, 12000000.0, 12000000.0, 12000000.0, 12000000.0, 12000000.0, 12000000.0, 12000000.0, 12000000.0, 12000000.0, 12000000.0, 12000000.0, 12000000.0, 12000000.0, 12000000.0, 12000000.0, 12000000.0, 12000000.0, 12000000.0, 12000000.0, 12000000.0, 12000000.0, 12000000.0, 12000000.0, 12000000.0, 12000000.0, 12000000.0, 12000000.0, 12000000.0, 12000000.0, 12000000.0, 12000000.0, 12000000.0, 12000000.0, 12000000.0, 12000000.0, 12000000.0, 12000000.0, 12000000.0, 12000000.0, 12000000.0, 12000000.0, 12000000.0, 12000000.0, 12000000.0, 12000000.0, 12000000.0, 12000000.0, 12000000.0, 12000000.0, 12000000.0, 12000000.0, 12000000.0, 12000000.0, 12000000.0, 12000000.0, 12000000.0, 12000000.0, 12000000.0, 12000000.0, 12000000.0, 12000000.0, 12000000.0, 12000000.0, 12000000.0, 12000000.0, 12000000.0, 12000000.0, 12000000.0, 12000000.0, 12000000.0, 12000000.0, 12000000.0, 12000000.0, 12000000.0, 12000000.0, 12000000.0, 12000000.0, 12000000.0, 12000000.0, 12000000.0, 12000000.0, 12000000.0, 12000000.0, 12000000.0, 12000000.0, 12000000.0, 12000000.0, 12000000.0, 12000000.0, 12000000.0, 12000000.0, 12000000.0, 12000000.0, 12000000.0, 12000000.0, 12000000.0, 12000000.0, 12000000.0, 12000000.0, 12000000.0, 12000000.0, 12000000.0, 12000000.0, 12000000.0, 12000000.0, 12000000.0, 12000000.0, 12000000.0, 12000000.0, 12000000.0, 12000000.0, 12000000.0, 12000000.0, 12000000.0, 12000000.0, 12000000.0, 12000000.0, 12000000.0, 12000000.0, 12000000.0, 12000000.0, 12000000.0, 12000000.0, 12000000.0, 12000000.0, 12000000.0, 12000000.0, 12000000.0, 12000000.0, 12000000.0, 12000000.0, 12000000.0, 12000000.0, 12000000.0, 12000000.0, 12000000.0, 12000000.0, 12000000.0, 12000000.0, 12000000.0, 12000000.0, 12000000.0, 12000000.0, 12000000.0, 12000000.0, 12000000.0, 12000000.0, 12000000.0, 12000000.0, 12000000.0, 12000000.0, 12000000.0, 12000000.0, 12000000.0, 12000000.0, 12000000.0, 12000000.0, 12000000.0, 12000000.0, 12000000.0, 12000000.0, 12000000.0, 12000000.0, 12000000.0, 12000000.0, 12000000.0, 12000000.0, 12000000.0, 12000000.0, 12000000.0, 12000000.0, 12000000.0, 12000000.0, 12000000.0, 12000000.0, 12000000.0, 12000000.0, 12000000.0, 12000000.0, 12000000.0, 12000000.0, 12000000.0, 12000000.0, 12000000.0, 12000000.0, 12000000.0, 12000000.0, 12000000.0, 12000000.0, 12000000.0, 12000000.0, 12000000.0, 12000000.0, 12000000.0, 12000000.0, 12000000.0, 12000000.0, 12000000.0, 12000000.0, 12000000.0, 12000000.0, 12000000.0, 12000000.0, 12000000.0, 12000000.0, 12000000.0, 12000000.0, 12000000.0, 12000000.0, 12000000.0, 12000000.0, 12000000.0, 12000000.0, 12000000.0, 12000000.0, 12000000.0, 12000000.0, 12000000.0, 12000000.0, 12000000.0, 12000000.0, 12000000.0, 12000000.0, 12000000.0, 12000000.0, 12000000.0, 12000000.0, 12000000.0, 12000000.0, 12000000.0, 12000000.0, 12000000.0, 12000000.0, 12000000.0, 12000000.0, 12000000.0, 12000000.0, 12000000.0, 12000000.0, 12000000.0, 12000000.0, 12000000.0, 12000000.0, 12000000.0, 12000000.0, 12000000.0, 12000000.0, 12000000.0, 12000000.0, 12000000.0, 12000000.0, 12000000.0, 12000000.0, 12000000.0, 12000000.0, 12000000.0, 12000000.0, 12000000.0, 12000000.0, 12000000.0, 12000000.0, 12000000.0, 12000000.0, 12000000.0, 12000000.0, 12000000.0, 12000000.0, 12000000.0, 12000000.0, 12000000.0, 12000000.0, 12000000.0, 12000000.0, 12000000.0, 12000000.0, 12000000.0, 12000000.0, 12000000.0, 12000000.0, 12000000.0, 12000000.0, 12000000.0, 12000000.0, 12000000.0, 12000000.0, 12000000.0, 12000000.0, 12000000.0, 12000000.0, 12000000.0, 12000000.0, 12000000.0, 12000000.0, 12000000.0, 12000000.0, 12000000.0, 12000000.0, 12000000.0, 12000000.0, 12000000.0, 12000000.0, 12000000.0, 12000000.0, 12000000.0, 12000000.0, 12000000.0, 12000000.0, 12000000.0, 12000000.0]
