Calculation parameters:
c = 300000000.0
m = 8e-28
alpha = 1.1999999999999999e-28
k = 1.3799999999999998e-23

dt = 1e-07
dh = 100
eps = 0.2
particle_numbers = 100
R = 6000000.0
g = 8.232000000000001
Po = 10000000.0
T = 773
coef_reflection = 0.3
atmosphere_height = 6000000.0
N = 10000000


Data:
x,m    y,m
2078987.9775709924 5651384.369404554
2094817.8664356198 5666780.188055473
2110661.5217383686 5682251.675357849
2126518.042695475 5697799.170523629
2277288.8183464142 5572330.735821436
2293957.9839185104 5587804.27740088
2310644.186567698 5603359.978885683
2458209.742953914 5475045.299117439
2475739.119520915 5490513.371319479
2493290.5126537755 5506070.029438135
2510862.5533149196 5521715.933243424
2656158.029156808 5390384.875065758
2674612.172925775 5405935.934933813
2693092.4148039436 5421583.283251652
2711596.8811082467 5437327.840077663
2854777.6723177433 5302959.135858849
2874207.0908314586 5318602.400580539
2893666.687103139 5334350.61627041
3033969.517727703 5197136.188373652
3054393.041117452 5212770.484313747
3074853.1444737427 5228518.059834245
3212386.163236886 5088458.780915765
3233853.048142652 5104079.725285444
3255362.7160096713 5119823.588405643
3390245.368861467 4976912.975596654
3412808.0590373897 4992518.098383005
3544128.7088559186 4847035.09052864
3567785.002875032 4862480.44831512
3591501.6584302974 4878068.437297658
3720402.5570082786 4729721.23537468
3745267.2918021567 4745138.040434523
3870778.6951101846 4594244.57046594
3896839.17396421 4609468.704387389
4019042.9223974245 4456046.522068053
4046350.4056103695 4471056.353950331
4073753.8482681233 4486243.3002109025
4193945.0365980994 4329889.879620918
4222666.20724079 4344852.999625891
4339780.5858431505 4185949.863905096
4452625.674292837 4024976.267783761
4484030.362456777 4039208.071590739
4593976.700233707 3875700.617952501
4626883.860596364 3889627.9114454906
4734062.32121894 3723562.118955881
4837160.696168035 3555518.609595596
4873106.183767732 3568503.9647106035
4973671.113804677 3397864.2564406907
5070303.700138853 3225286.1065314235
5109561.652255977 3237166.188756996
5203942.485635073 3061911.6900047935
5294570.330681101 2884720.877745912
5381520.450036824 2705611.5480654603
5464875.097313721 2524592.385693351
5544723.00081971 2341662.751929803
5621160.322129883 2156811.9971622843
5694291.384166474 1970017.8732120628
5764230.057862658 1781245.5761052873
5836742.282395207 1396642.6717737932
5895525.103328661 1203154.729547419
5951565.957891659 1007510.1783859233
5988797.8151087 615798.1775479557
6007202.734423004 222833.9286522811
6007293.354494767 -171105.1548389439
5989625.05001815 -565896.8483842667
5954798.119608565 -961597.5473983729
5826241.210484312 -1537035.7710134306
5557548.160496577 -2270456.143653706
5214575.998722571 -2972966.454428186
4802296.237468313 -3642827.999409085
3847347.9047223176 -4616687.820725074
2354113.6297127414 -5526435.372031766
-308269.4443845053 -6007475.866160938
-5633658.60702819 -2084498.2346428249
-10773512.823854562 4964333.298805315
-10615602.788462372 -5520830.452386858
-7153344.882548855 -9414853.336182928
-4479643.493403883 -11052335.66983893
-1946152.2640144203 -11694091.253106672
3785.363770994883 -11922198.01837363
1568927.311729825 -11860875.666143492
3024050.7636303827 -11529261.276524017
4150375.2198153445 -11207266.719846874
5163280.990713685 -10739925.596806802
6077028.289849003 -10164978.223860368
6821509.820578519 -9789491.891823078
7419735.945766675 -9333544.67541494
8018362.067908907 -8846656.39718029
8514397.456808304 -8315603.687849553
8935102.743246004 -7755861.023952548
9316970.197889678 -7470281.987074543
9616640.410710698 -6874780.919749679
9957301.664469538 -6557271.058323844
10193214.903697256 -6235925.437844129
10438640.494531507 -5903276.388638979
10605952.706285302 -5274348.633372002
10818126.293835953 -4926430.244101985
10964023.463688219 -4585573.915963207
11111030.015131703 -4237186.055997486
11241639.6736657 -3886296.8268166604
11343380.365566408 -3538372.1417784872
