Calculation parameters:
c = 300000000.0
m = 8e-28
alpha = 1.1999999999999999e-28
k = 1.3799999999999998e-23

dt = 1e-07
dh = 100
eps = 0.2
particle_numbers = 100
R = 6000000.0
g = 8.232000000000001
Po = 10000000.0
T = 773
coef_reflection = 0.3
atmosphere_height = 6000000.0
N = 10000000


Data:
x,m    y,m
3418315.2222803873 4996341.688060447
3541499.9112390946 4845324.739184266
3556745.701630451 4855260.28903115
3572017.2613998554 4865254.694328989
3587314.1064356873 4875308.336352146
3707217.8642303078 4721590.671328092
3723221.9391865414 4731464.190234418
3739256.2506789733 4741400.94426193
3755319.4427947556 4751402.030241099
3872039.3713495582 4594978.361855367
3888840.6555956802 4604783.692951812
3905676.313565995 4614657.693252223
4018588.9171474543 4455798.277391285
4036189.5168867027 4465456.871012564
4053830.1870332435 4475188.950994496
4071510.1263182485 4484995.14677122
4181434.6672088127 4323414.138274121
4199915.55839929 4332989.17255127
4218442.08671239 4342643.6114197215
4324721.019433361 4178640.5005104197
4344080.076077921 4188043.341940488
4363491.91637278 4197530.98540312
4466206.593744825 4031112.6128011076
4486485.7196854465 4040327.419433708
4584890.033734351 3871882.9626843575
4606065.113825488 3880797.7625368536
4627309.61568629 3889809.0411290126
4722305.637404928 3718966.131873274
4744486.990336338 3727654.394456732
4835290.282442274 3554848.1030688942
4858441.934169082 3563184.3441282203
4881683.478192882 3571629.962899226
4969266.607759051 3396405.684415342
4993527.053590304 3404474.6806484796
5077061.451302354 3227316.1699202433
5102380.726240517 3234977.2271038857
5181935.318096156 3055904.5659286007
5208357.226334482 3063124.7265916215
5284007.724038275 2882149.1051533427
5311579.59024074 2888893.958344502
5383408.406327645 2706016.6032810323
5450431.873619439 2521929.4170084326
5480280.953687394 2527462.3603263744
5543632.655426081 2341492.242937798
5602281.491914039 2154411.8726535263
5634568.688284519 2158544.4474000265
5689721.316896588 1969559.8236759144
5740291.395944504 1779531.7855232889
5786333.644474109 1588511.2912941193
5822486.516216445 1590055.3248273216
5865325.528866747 1397039.0281038422
5903786.705840515 1203039.125818099
5937938.045937524 1008077.9929789262
5967851.08868648 812169.038827525
5993602.241622827 615314.1089290208
6015272.002115693 417505.36013492406
6032947.021223254 218720.32671065506
6007812.016648155 -171220.82748079448
6012420.086824336 -371371.0736798132
5957706.139530422 -758352.0715673589
5949891.263137468 -959889.1816388726
5866790.423487556 -1343243.0921064618
5764629.466201476 -1722285.7926015595
5643981.906880516 -2096768.0255222125
5397190.585343476 -2627248.938426716
5231687.879010093 -2986519.3524418105
4918120.982137688 -3484627.97988828
4418799.9626173675 -4085921.6679238128
3692259.791921861 -4733795.04505448
2883611.1385492263 -5280700.46188111
1621845.9311795048 -5800016.1833958
-501487.6535141927 -5988337.275788215
-7580695.064013216 9187820.040806293
-1257488.9040059901 5869848.510711072
-11043474.682996716 4577730.3304401
-11538122.550388115 -2940773.1295378734
-9543948.800051762 -6960758.119434314
-7452859.583065919 -9189361.713227376
-5551127.794085573 -10440550.029337233
-3805630.6582062496 -11197868.600091575
-2316273.8396076853 -11634161.580301536
-1087925.5560794852 -11946928.155502062
320097.12367390713 -11840162.914426403
1427654.6673431606 -11727346.08322696
2246454.2473691157 -11671316.171583358
3050600.6552474382 -11548392.21382828
3829022.5749011333 -11358421.909152687
4534971.7206487125 -11084297.965461614
5196188.495435491 -10755225.732583258
5801248.401956471 -10374301.62817488
6253342.709091371 -10228154.614259817
6764055.180771525 -9772804.221574035
7168401.276077072 -9577196.122996096
7582749.785714457 -9067279.949493518
7961597.9416127885 -8837642.868059741
8288197.366443147 -8586832.946877988
8539846.732440026 -8318092.128640201
8863705.24251086 -8047124.387232499
9124429.76988997 -7762689.397679653
9363155.550782446 -7470147.076779048
